positive/1633696712.1777613.jpg 16 35 181 104 186 127 110 90 280 184 137 97 281 252 166 69 158 344 224 32 112 396 228 36 101 635 282 67 136 713 309 43 116 765 189 71 252 862 322 36 72 793 224 58 183 980 153 120 306 1085 223 118 217 1206 267 149 209 1351 231 244 310 1605 238 348 396
positive/1633696717.4683466.jpg 15 510 137 296 354 918 392 31 147 945 420 25 139 1123 417 66 113 1205 432 34 114 1329 451 33 105 1372 475 25 116 1385 471 39 129 1424 431 39 174 1771 570 36 74 1815 561 26 94 1834 547 34 121 1899 448 26 200 1957 512 35 117 1581 473 34 99
positive/1633696724.1757712.jpg 8 485 383 84 342 557 493 78 249 760 425 104 191 988 480 41 151 1288 534 60 217 1376 503 81 243 1490 554 82 231 1947 649 40 176
positive/1633696733.5768669.jpg 9 62 704 101 260 97 506 161 445 898 446 103 269 1300 514 42 124 1479 450 65 224 1532 480 43 216 1724 493 31 165 1155 480 117 149 1097 480 41 149
positive/1633696734.7218676.jpg 10 60 697 110 256 107 490 143 470 910 458 99 250 1105 490 35 123 1142 488 124 111 1352 548 49 91 1298 525 42 104 1488 476 46 207 1545 519 38 168 1721 518 61 145
positive/1633696752.867623.jpg 2 1784 474 66 194 1846 492 125 204
positive/1633696772.5829418.jpg 12 2 658 42 195 138 655 41 91 528 692 67 184 636 737 90 134 720 438 167 180 1234 636 51 133 1284 637 39 139 1470 643 30 96 1511 589 44 150 1588 518 117 191 1841 634 37 147 1103 598 60 124
positive/1633696778.0199943.jpg 7 620 484 137 128 891 589 54 135 963 598 29 113 1169 574 37 93 1105 552 45 84 1491 459 95 171 1649 501 237 167
positive/1633696800.6708117.jpg 8 564 437 207 175 826 529 95 105 926 551 73 77 1021 561 35 70 1428 495 44 90 1532 194 105 452 1674 350 86 226 1789 406 63 156
positive/1633696810.5529807.jpg 1 468 622 129 193
positive/1633696928.1071556.jpg 8 808 293 68 157 894 290 90 130 973 326 29 81 1103 305 36 28 1215 271 213 213 1464 232 139 200 1625 249 182 272 1785 284 204 249
positive/1633696934.8736682.jpg 5 309 762 82 151 1478 543 30 85 1677 558 26 87 1889 557 18 130 1699 554 30 96
